0,0,0,-0.265501,-0.0670447,0.961777
0,0,1,0.315812,-0.200099,0.927482
0,0,2,0.495042,0.483372,0.722001
0,0,3,-0.591381,-0.138167,0.794467
0,0,4,0.547078,0.305352,0.779401
0,1,0,-0.20708,0.512958,0.833062
0,1,1,0.785501,0.28006,0.551865
0,1,2,-0.606364,0.547874,0.57633
0,1,3,-0.117433,-0.0769651,0.990094
0,1,4,0.216746,0.310754,0.925448
0,2,0,0.00921289,-0.00530807,0.999943
0,2,1,0.412033,0.195633,0.889919
0,2,2,0.264879,-0.22784,0.936978
0,2,3,-0.384588,-0.674876,0.62979
0,2,4,0.0908177,-0.00992082,0.995818
0,3,0,0.399683,-0.119613,0.908816
0,3,1,-0.258599,0.523433,0.811877
0,3,2,0.23829,-0.0850181,0.967466
0,3,3,0.291308,0.19615,0.936304
0,3,4,-0.338998,0.272613,0.900423
0,4,0,-0.675678,0.494066,0.547136
0,4,1,-0.420724,-0.0357194,0.906485
0,4,2,-0.571405,-0.404571,0.714016
0,4,3,0.528319,0.837962,-0.136744
0,4,4,-0.451513,0.653529,-0.607484
1,0,0,-0.0399324,-0.468748,0.882429
1,0,1,-0.123248,0.113777,0.985832
1,0,2,-0.236987,0.252268,0.938189
1,0,3,-0.000548604,-0.757921,0.652346
1,0,4,0,0,1
1,1,0,-0.0509908,0.220282,0.974102
1,1,1,-0.0190149,0.53213,0.846449
1,1,2,-0.131529,-0.266044,0.954946
1,1,3,0.312263,0.090437,0.945681
1,1,4,-0.09933,0.0540222,0.993587
1,2,0,0.872114,-0.361696,-0.329535
1,2,1,0.503306,-0.371136,0.780347
1,2,2,-0.0335538,0.090915,0.995293
1,2,3,-0.0139135,-0.0731394,0.997225
1,2,4,0.226508,-0.413877,0.881703
1,3,0,0.000502115,0.217579,0.976043
1,3,1,0.488873,0.0497676,0.870934
1,3,2,-0.0298783,-0.364931,0.930555
1,3,3,-0.00155464,0.356032,0.934473
1,3,4,0.879219,0.0510983,0.47367
1,4,0,0.139612,0.719101,0.680737
1,4,1,-0.87532,0.410211,0.256011
1,4,2,-0.241684,-0.543597,0.803798
1,4,3,0.181179,0.530826,0.827888
1,4,4,0,0,1
2,0,0,0.162562,0.020491,0.986486
2,0,1,-0.274856,0.743624,0.60949
2,0,2,0.011571,0.299207,0.954118
2,0,3,-0.0947023,-0.475707,0.874491
2,0,4,-0.296637,0.929549,-0.218965
2,1,0,-0.0707579,0.0627742,0.995516
2,1,1,-0.385932,0.0684322,0.919986
2,1,2,0.0906263,0.147334,0.984926
2,1,3,0.233136,-0.0706484,0.969874
2,1,4,-0.445415,0.797554,0.406833
2,2,0,-0.588942,0.411099,0.695805
2,2,1,0.0313386,0.0927706,0.995194
2,2,2,-0.248523,0.171939,0.953244
2,2,3,-0.101243,-0.468281,0.87776
2,2,4,-0.165641,-0.424793,-0.890008
2,3,0,-0.228667,-0.343765,0.910789
2,3,1,-0.0464496,-0.0288228,0.998505
2,3,2,-0.250872,-0.631824,0.73339
2,3,3,-0.61795,0.501921,0.605155
2,3,4,0.32123,0.229354,0.918808
2,4,0,0.226829,0.722398,0.653215
2,4,1,-0.518998,0.343206,0.782848
2,4,2,-0.138415,-0.124804,0.982479
2,4,3,0.141301,0.28257,0.948783
2,4,4,-0.182307,0.909693,-0.373124
3,0,0,0.283943,0.0708068,0.956223
3,0,1,0.111241,-0.131604,0.985041
3,0,2,-0.00385634,-0.0387428,0.999242
3,0,3,-0.127757,-0.283052,0.950558
3,0,4,0.284922,0.749596,0.597432
3,1,0,0.0314565,0.0129766,0.999421
3,1,1,-0.481398,0.709563,0.514565
3,1,2,0.216058,-0.534128,0.817329
3,1,3,-0.0668512,-0.181793,0.981062
3,1,4,-0.0310838,0.997249,-0.0672988
3,2,0,-0.225107,-0.00344164,0.974328
3,2,1,0.0249298,-0.0599817,0.997888
3,2,2,0.59796,0.0915099,0.796285
3,2,3,0.122228,0.160731,0.979401
3,2,4,0.0356393,-0.0356974,0.998727
3,3,0,-0.2504,-0.225016,0.94163
3,3,1,-0.388933,0.13043,0.911986
3,3,2,-0.302046,-0.0815269,0.949801
3,3,3,0.0999719,-0.44231,0.891273
3,3,4,0.123944,-0.134124,0.983183
3,4,0,-0.141336,0.110736,0.983749
3,4,1,-0.137667,-0.0589862,0.988721
3,4,2,-0.0746446,0.123079,0.989586
3,4,3,0.0558535,-0.0711157,0.995903
3,4,4,-0.297039,-0.222388,0.928607
4,0,0,0.115264,0.102083,0.988075
4,0,1,0.662173,0.274762,0.697161
4,0,2,0.167556,0.349738,0.921742
4,0,3,0.465413,0.447673,0.763531
4,0,4,-0.108844,0.0179084,0.993898
4,1,0,-0.0327969,0.17013,0.984876
4,1,1,0.672568,0.677522,0.297685
4,1,2,0.30956,0.665232,0.679441
4,1,3,0.0703662,-0.10374,0.992112
4,1,4,-0.736754,0.620355,0.268985
4,2,0,0.306243,0.470648,0.82747
4,2,1,0.102434,0.234057,0.966812
4,2,2,0.0068114,-0.0122957,0.999901
4,2,3,0.156328,-0.0761574,0.984765
4,2,4,-0.00953928,0.00895792,0.999914
4,3,0,-0.168332,0.42192,0.890869
4,3,1,-0.460536,0.0418679,0.886653
4,3,2,-0.739745,-0.127531,0.660691
4,3,3,0.207943,-0.27611,0.938362
4,3,4,0.533253,0.112939,0.838383
4,4,0,0.651964,-0.723925,0.225557
4,4,1,-0.989232,-0.0748057,0.125793
4,4,2,-0.098529,0.17162,0.980224
4,4,3,0.467625,-0.490501,0.735347
4,4,4,0.845209,0.0367174,0.533173
