# Autocorrelation functions of each variable listed.
# Values for orderParam only listed if non-Ising model.
# MCS Px Py Pz E OrderParam
1 0.32455 0.315162 1.00002 0.515234 0.637929
2 0.107858 0.102291 1.00003 0.291151 0.428066
3 0.0363664 0.0332129 1.00003 0.172727 0.289539
4 0.0118948 0.00936806 1.00003 0.105388 0.196883
5 0.00309128 0.00681352 1.00003 0.0634205 0.136348
6 0.000266172 0.0039804 1.00003 0.038332 0.0913209
7 -0.00217406 0.00339959 1.00003 0.0236956 0.0633317
8 0.00106334 0.00479634 1.00003 0.0165865 0.0421833
9 0.00296527 0.00102265 1.00003 0.0139008 0.0279534
10 0.00342705 -0.00210316 1.00003 0.0113556 0.021752
11 0.00394022 -0.00300142 1.00003 0.00984282 0.0171372
12 0.00229754 -0.000646584 1.00003 0.00607482 0.0124345
13 -0.000223016 -0.00232954 1.00003 0.00315276 0.00699033
14 -0.000316285 -0.00483034 1.00003 -0.000601148 0.00108509
15 -0.00223763 -0.00467561 1.00003 -0.00413294 -0.00151867
16 0.000819317 -0.00352353 1.00003 -0.0042124 -0.00255066
17 -0.00064901 -0.000494523 1.00003 -0.00456191 -0.00193486
18 0.00324927 -0.00209706 1.00003 -0.000739794 -0.000369986
19 0.00106562 0.000564563 1.00003 0.00184988 0.00357829
20 0.00145736 0.00178371 1.00003 0.00218821 0.00524072
21 -0.00139288 0.00129971 1.00003 0.00523497 0.00416932
22 -0.000453334 -0.000991101 1.00003 0.00458745 0.00399328
23 -0.00140506 -0.00160201 1.00003 0.00437578 0.00298403
24 -0.00368388 -0.00197473 1.00003 0.00154482 8.51484e-05
25 -0.00327464 1.08199e-05 1.00003 -0.000993324 -0.000937208
26 -0.00133502 -0.000117231 1.00003 -0.00124193 -0.00167756
27 0.000112754 -0.000813888 1.00003 -0.0020799 -0.00209263
28 -9.92914e-05 0.00139956 1.00003 -0.00110493 -0.00265571
29 0.0020973 0.00237938 1.00003 -0.00395588 -0.00359315
30 0.00375483 0.00324868 1.00003 -0.00647369 -0.00329058
31 0.000340788 -2.32057e-07 1.00003 -0.00663757 -0.00138329
32 -0.00243636 -0.00271826 1.00003 -0.00693841 -0.00139431
33 -0.00271236 -0.00131199 1.00003 -0.00732381 -0.00187861
34 0.000497633 0.00220102 1.00003 -0.00533302 -0.000620902
35 0.00110293 0.00164194 1.00003 -0.0049146 0.00110967
36 -0.00114695 0.00108058 1.00003 -0.00359352 0.00120242
37 -0.000693931 0.000164786 1.00003 0.000270875 -6.57312e-05
38 -0.00138793 -0.00563447 1.00003 -0.00175252 -0.000782754
39 -0.000156395 -0.00334899 1.00003 -0.00191182 0.000240745
40 9.44805e-05 -0.00265462 1.00003 -0.000291373 0.000615572
41 -0.000129366 -0.00279601 1.00003 -0.00131913 0.00145901
42 0.000759167 -0.00416417 1.00003 0.00207321 0.00240656
43 0.00167359 -0.00166337 1.00003 -0.00399907 0.0029998
44 0.00235617 0.00099864 1.00003 -0.0091477 0.0028847
45 0.00333797 0.00149751 1.00003 -0.011256 0.00397988
46 0.00234893 -0.00176398 1.00003 -0.00947364 0.00276463
47 -0.00338999 -0.00163822 1.00003 -0.00801572 0.00301806
48 -0.00349696 -0.000651919 1.00003 -0.00780495 0.00214778
49 -0.00140087 0.00435388 1.00003 -0.00512639 0.00356424
50 -0.00374746 0.00244874 1.00003 -0.00349361 0.00450671
51 -0.00211429 0.00467629 1.00003 -0.00131011 0.00610167
52 -0.000211595 0.00198456 1.00003 -0.000442379 0.0072576
53 -0.00289242 0.00280736 1.00003 0.00133304 0.00606278
54 -0.000562593 0.0071367 1.00003 0.00201556 0.0040241
55 0.00138388 0.00169377 1.00003 0.00205857 0.00208849
56 0.00283622 -0.00254905 1.00003 0.000170152 -0.000960694
57 0.00307491 -0.000658017 1.00003 -0.000950913 -0.000645677
58 0.00120953 -0.00471029 1.00003 -2.88725e-05 -0.00152705
59 0.000669324 -0.00576252 1.00003 -0.00301919 -0.000241725
60 0.00172156 -0.001219 1.00003 -0.00402752 -0.00192382
61 0.00117146 0.00224294 1.00003 -0.00419434 -0.00420139
62 0.00197015 0.00350668 1.00003 -0.0050168 -0.00567905
63 1.83422e-05 0.00233136 1.00003 -0.00751943 -0.00508792
64 -0.00201607 0.00387788 1.00003 -0.0075037 -0.00508499
65 -0.00188892 0.00453528 1.00003 -0.00812383 -0.00362095
66 6.25024e-05 0.000877831 1.00003 -0.00784725 -0.00215538
67 -0.000418311 -0.00104827 1.00003 -0.00619346 -0.0032656
68 -0.00152879 -0.0014671 1.00003 -0.00601929 -0.00502332
69 -0.00123451 0.00283251 1.00003 -0.00551388 -0.00498244
70 -0.000521859 0.00354136 1.00003 -0.00624158 -0.00381037
71 -0.00456937 0.00441523 1.00003 -0.00533667 -0.004022
72 -0.0015897 0.0065296 1.00003 -0.00358859 -0.00170631
73 0.00487254 0.000234147 1.00003 -0.00186789 -0.00155349
74 0.00541921 -0.00156238 1.00003 0.000774686 -0.00222682
75 0.000214018 0.00442514 1.00003 0.00244348 -0.00182534
76 -0.00230273 0.0048394 1.00003 0.00368397 0.000450947
77 -0.0038609 0.0040429 1.00003 0.000572039 0.00205843
78 0.00146459 0.00540915 1.00003 -0.000367845 0.00184179
79 -0.00114848 0.000512352 1.00003 0.000398051 0.00122897
80 -0.0014161 0.00262748 1.00003 0.00111714 0.00159881
81 -0.00102285 0.00360196 1.00003 0.0040329 0.00311778
82 0.00208778 -0.00204028 1.00003 0.00414415 0.00376916
83 0.000577197 -0.00253381 1.00003 0.0043166 0.00426596
84 -0.000795576 -0.00427736 1.00003 0.00224528 0.00457986
85 0.000542173 -0.00482386 1.00003 0.00144622 0.00327651
86 0.00187041 -0.00518972 1.00003 0.00413413 0.000391466
87 0.000726809 -0.00751598 1.00003 0.00350834 -0.000623426
88 -0.00115914 0.000174313 1.00003 0.000492383 -0.00134732
89 -0.00177624 -4.71078e-05 1.00003 -0.000592849 -0.000546509
90 -0.00130494 0.00277878 1.00003 -0.000976735 -0.00225612
91 -0.00137651 0.00189919 1.00003 0.00299006 -0.0025358
92 -0.000714108 -0.00155437 1.00003 0.00175309 -0.00131649
93 -0.000642919 0.00499909 1.00003 2.13766e-05 -0.00492693
94 -0.00384377 0.00353755 1.00003 0.000531022 -0.00432501
95 -0.00452711 -0.00127807 1.00003 0.000342392 -0.0029154
96 -0.00169248 -0.00131313 1.00003 -0.00137796 0.000303795
97 0.000114657 0.00193463 1.00003 -0.00280423 0.000659777
98 -0.000218448 0.00333595 1.00003 -0.0041154 9.34624e-05
99 0.000974639 0.00630856 1.00003 -0.00393349 0.00138027
100 0.998918 0.706221 0.99554 3476.75 0.00277107
